0.022519126534461975
0.2176697850227356
0.022519126534461975
0.1777275800704956
0.07458572089672089
0.03237070515751839
0.11693761497735977
0.9779719114303589
0.03701857104897499
0.25938862562179565
0.03701857104897499
0.9779719114303589
0.03701857104897499
0.25938862562179565
0.03701857104897499
0.41200563311576843
0.867851197719574
0.31864187121391296
0.867851197719574
0.31864187121391296
0.867851197719574
0.022519126534461975
0.867851197719574
0.5071808695793152
0.9159855246543884
0.024778278544545174
0.8791510462760925
0.8552161455154419
0.8791510462760925
0.0637182965874672
0.8791510462760925
0.06689968705177307
0.8791510462760925
0.658085286617279
0.16007398068904877
0.022519126534461975
0.16007398068904877
0.2760950028896332
0.16007398068904877
0.6137463450431824
0.1383761465549469
0.33961567282676697
0.6137463450431824
0.1383761465549469
0.14517687261104584
0.6857773661613464
0.04532337188720703
0.1391734778881073
0.0347355455160141
0.20672988891601562
0.029817380011081696
0.20672988891601562
0.0347355455160141
0.20672988891601562
0.029817380011081696
0.20672988891601562
0.5292605757713318
0.20672988891601562
0.4481399357318878
0.20672988891601562
0.03243786469101906
0.23349396884441376
0.03243786469101906
0.23349396884441376
0.1375374048948288
0.022519126534461975
0.0827532708644867
0.3457569181919098
0.0827532708644867
0.31988582015037537
0.0827532708644867
0.37034985423088074
0.31988582015037537
0.0827532708644867
0.14257122576236725
0.11189549416303635
0.0827532708644867
0.024778278544545174
0.0827532708644867
0.37034985423088074
0.02086465246975422
0.038264546543359756
0.941609799861908
0.15856598317623138
0.20924142003059387
0.15856598317623138
0.9832366108894348
0.5389379262924194
0.20924142003059387
0.5389379262924194
0.9832366108894348
0.25943031907081604
0.20924142003059387
0.25943031907081604
0.03712623938918114
0.2502295970916748
0.16183534264564514
0.46216005086898804
0.16183534264564514
0.6340727806091309
0.8543434739112854
0.4710061848163605
0.16183534264564514
0.1637749969959259
0.12484507262706757
0.9930532574653625
0.134146586060524
0.9930532574653625
0.9597080945968628
0.042317673563957214
0.9597080945968628
0.059153418987989426
0.08064630627632141
0.15738046169281006
0.08064630627632141
0.03701857104897499
0.0413958914577961
0.5139512419700623
0.03861873224377632
0.5139512419700623
0.03759970888495445
0.05890098214149475
0.03759970888495445
0.09955234825611115
0.31864187121391296
0.7760733366012573
0.31864187121391296
0.7760733366012573
0.054573483765125275
0.06142651289701462
0.021961933001875877
0.1103014126420021
0.11000562459230423
0.024778278544545174
0.06142651289701462
0.11000562459230423
0.024778278544545174
0.1103014126420021
0.11000562459230423
0.07640695571899414
0.06142651289701462
0.11000562459230423
0.07640695571899414
0.1103014126420021
0.11000562459230423
0.21453876793384552
0.9766421318054199
0.14981329441070557
0.5626094937324524
0.08113770931959152
0.3116549551486969
0.14592337608337402
0.5626094937324524
0.03857485204935074
0.3116549551486969
0.19514648616313934
0.024778278544545174
0.18900881707668304
0.024778278544545174
0.10924560576677322
0.024778278544545174
0.045637909322977066
0.16385789215564728
0.024778278544545174
0.0918957069516182
0.16385789215564728
0.061371851712465286
0.09999009966850281
0.061371851712465286
0.07230578362941742
0.020841436460614204
0.045637909322977066
0.20688682794570923
0.020841436460614204
0.0918957069516182
0.19514648616313934
0.07180526852607727
0.18870535492897034
0.9998691082000732
0.9999576807022095
0.2735896110534668
0.10570907592773438
0.2735896110534668
0.20241835713386536
0.2735896110534668
0.28893887996673584
0.2735896110534668
0.10570907592773438
0.2735896110534668
0.20241835713386536
0.2735896110534668
0.28893887996673584
0.11298464238643646
0.10570907592773438
0.11298464238643646
0.20241835713386536
0.11298464238643646
0.28893887996673584
0.24420244991779327
0.10570907592773438
0.24420244991779327
0.20241835713386536
0.24420244991779327
0.28893887996673584
0.7839874625205994
0.04441794008016586
0.7839874625205994
0.04441794008016586
0.9443399906158447
0.04441794008016586
0.9443399906158447
0.04441794008016586
0.9408428072929382
0.04441794008016586
0.9408428072929382
0.04441794008016586
0.08341821283102036
0.26579004526138306
0.04188361018896103
0.06474506855010986
0.017489314079284668
0.9873139262199402
0.6118191480636597
0.41032689809799194
0.017489314079284668
0.41032689809799194
0.10693271458148956
0.41032689809799194
0.2733217179775238
0.02870619297027588
0.0772382915019989
0.05813580006361008
0.03212972730398178
0.27734455466270447
0.9373865723609924
0.03237070515751839
0.1443737894296646
0.03701857104897499
0.25015178322792053
0.03237070515751839
0.2781602144241333
0.03237070515751839
0.11098255217075348
0.05736258625984192
0.2781602144241333
0.03237070515751839
0.1330212503671646
0.04655138775706291
0.6562067270278931
0.609006941318512
0.20921868085861206
0.5863778591156006
0.23149675130844116
0.426423579454422
0.5874767899513245
0.03237070515751839
0.20267538726329803
0.30749812722206116
0.03898318111896515
0.970388650894165
0.05134592950344086
0.9563722610473633
0.9360780119895935
0.1899353712797165
0.8796033263206482
0.45624083280563354
0.9989635944366455
0.45624083280563354
0.13064062595367432
0.034612298011779785
0.08642049878835678
0.034612298011779785
0.06517137587070465
0.45624083280563354
0.0939914882183075
0.45624083280563354
0.23636524379253387
0.45624083280563354
0.10090914368629456
0.45624083280563354
0.058941878378391266
0.45624083280563354
0.906903088092804
0.03189321607351303
0.4569501578807831
0.20046937465667725
0.5574296116828918
0.04057038947939873
0.031106995418667793
0.06999155879020691
0.049523428082466125
0.06999155879020691
0.1393929421901703
0.06999155879020691
0.3172617554664612
0.21415819227695465
0.3172617554664612
0.02846071682870388
0.0498056635260582
0.41472935676574707
0.024778278544545174
0.41472935676574707
0.999974250793457
0.33879342675209045
0.9999450445175171
0.33879342675209045
0.999879002571106
0.5543390512466431
0.17155684530735016
0.9997634291648865
0.5543390512466431
0.17155684530735016
0.999879002571106
0.1216435581445694
0.11693761497735977
0.045310910791158676
0.5725710391998291
0.062203001230955124
0.45275452733039856
0.030402271077036858
0.6580208539962769
0.25547292828559875
0.6927158236503601
0.25547292828559875
0.6927158236503601
0.0704713761806488
0.0500960573554039
0.05648140236735344
0.08845213800668716
0.3932938873767853
0.08845213800668716
0.2573094666004181
0.08845213800668716
0.10835056006908417
0.08845213800668716
0.045689310878515244
0.08845213800668716
0.2261141687631607
0.5202674865722656
0.10495678335428238
0.9631319642066956
0.5202674865722656
0.038564324378967285
0.48462775349617004
0.038564324378967285
0.48462775349617004
0.6593611240386963
0.4137887954711914
0.24560783803462982
0.3265811502933502
0.24560783803462982
0.41610386967658997
0.24560783803462982
0.05259941145777702
0.24560783803462982
0.21365243196487427
0.3116549551486969
0.12282764166593552
0.29265183210372925
0.237450510263443
0.6249426007270813
0.09828691929578781
0.215229794383049
0.15321116149425507
0.8012153506278992
0.10711073875427246
0.8012153506278992
0.775362491607666
0.03441451117396355
0.775362491607666
0.03441451117396355
0.07845622301101685
0.12346155196428299
0.8921669721603394
0.04318959638476372
0.32628175616264343
0.04318959638476372
0.7206769585609436
0.04318959638476372
0.32628175616264343
0.10495678335428238
0.04318959638476372
0.32628175616264343
0.2221810221672058
0.32628175616264343
0.2221810221672058
0.7206769585609436
0.0851900726556778
0.32628175616264343
0.0851900726556778
0.7206769585609436
0.03863281384110451
0.04765590280294418
0.027995405718684196
0.08225029706954956
0.2008514702320099
0.2625635862350464
0.04422387480735779
0.34025752544403076
0.05525190755724907
0.26442354917526245
0.3447725176811218
0.9907626509666443
0.3447725176811218
0.31635522842407227
0.05128694698214531
0.5227726697921753
0.0746975764632225
0.28942686319351196
0.02590496838092804
0.06485066562891006
0.4731023609638214
0.05512183904647827
0.0637182965874672
0.05512183904647827
0.052479926496744156
0.05512183904647827
0.024778278544545174
0.6884192824363708
0.658085286617279
0.6884192824363708
0.8528763651847839
0.6884192824363708
0.12342921644449234
0.5188508033752441
0.020430106669664383
0.5029932856559753
0.05114845186471939
0.06740636378526688
0.03627895191311836
0.06740636378526688
0.12977217137813568
0.059881482273340225
0.34499886631965637
0.17937664687633514
0.15742523968219757
0.8739888668060303
0.5341378450393677
0.8739888668060303
0.591794490814209
0.5772525668144226
0.022519126534461975
0.47148260474205017
0.022519126534461975
0.041930895298719406
0.022519126534461975
0.5242385268211365
0.06646445393562317
0.47148260474205017
0.06646445393562317
0.47148260474205017
0.0939914882183075
0.47148260474205017
0.1932906061410904
0.39298346638679504
0.040715862065553665
0.7239728569984436
0.031660694628953934
0.34272244572639465
0.031660694628953934
0.6236639618873596
0.6870073080062866
0.22709985077381134
0.022519126534461975
0.22709985077381134
0.07660938054323196
0.22709985077381134
0.0637182965874672
0.5076910853385925
0.022519126534461975
0.22709985077381134
0.057207584381103516
0.22709985077381134
0.057207584381103516
0.22709985077381134
0.022519126534461975
0.22709985077381134
0.022519126534461975
0.22709985077381134
0.022519126534461975
0.22709985077381134
0.022519126534461975
0.22709985077381134
0.19436924159526825
0.20612825453281403
0.057207584381103516
0.31422507762908936
0.057207584381103516
0.1520758867263794
0.057207584381103516
0.31422507762908936
0.057207584381103516
0.1520758867263794
0.2641100585460663
0.29000675678253174
0.40064820647239685
0.29000675678253174
0.5201073884963989
0.6902132630348206
0.03580845147371292
0.03237070515751839
0.0398421585559845
0.03237070515751839
0.022519126534461975
0.8219330906867981
0.09583284705877304
0.900534451007843
0.04645232856273651
0.900534451007843
0.03599083423614502
0.08135010302066803
0.021753685548901558
0.9094917178153992
0.016232024878263474
0.03701857104897499
0.15704725682735443
0.09182168543338776
0.03701857104897499
0.147065207362175
0.09153908491134644
0.9287413954734802
0.03053109347820282
0.03237070515751839
0.579214334487915
0.17224572598934174
0.9223594069480896
0.11670606583356857
0.170606330037117
0.9223594069480896
0.9452155232429504
0.03053109347820282
0.9223594069480896
0.5954307913780212
0.03916168957948685
0.07511018216609955
0.024778278544545174
0.06485066562891006
0.1204838901758194
0.1325090229511261
0.1204838901758194
0.16787075996398926
0.024778278544545174
0.06592769920825958
0.06285109370946884
0.024778278544545174
0.09849582612514496
0.030350597575306892
0.08858094364404678
0.024778278544545174
0.05201663076877594
0.024778278544545174
0.05477696284651756
0.21842634677886963
0.06595350056886673
0.024778278544545174
0.8167019486427307
0.024778278544545174
0.9232449531555176
0.024318896234035492
0.15245531499385834
0.04685604199767113
0.1563095599412918
0.024778278544545174
0.11748065054416656
0.3859003186225891
0.03185078129172325
0.10495678335428238
0.8542149066925049
0.32023367285728455
0.20378030836582184
0.9907626509666443
0.6760582327842712
0.9907626509666443
0.8542149066925049
0.32023367285728455
0.18901222944259644
0.8542149066925049
0.32023367285728455
0.1311241239309311
0.8542149066925049
0.9907626509666443
0.22201620042324066
0.19733941555023193
0.022519126534461975
0.13863317668437958
0.024778278544545174
0.13863317668437958
0.022519126534461975
0.13863317668437958
0.022519126534461975
0.13863317668437958
0.09623842686414719
0.09657441079616547
0.021753685548901558
0.04476352035999298
0.16728250682353973
0.05589570850133896
0.06932312995195389
0.12355771660804749
0.07729397714138031
0.5718368291854858
0.07729397714138031
0.03146735578775406
0.7851183414459229
0.03146735578775406
0.2412693202495575
0.25942057371139526
0.0791001096367836
0.21963384747505188
0.0791001096367836
0.5550621747970581
0.0791001096367836
0.21963384747505188
0.0791001096367836
0.25942057371139526
0.08541327714920044
0.21963384747505188
0.08541327714920044
0.5550621747970581
0.08541327714920044
0.21963384747505188
0.08541327714920044
0.05684328451752663
0.6285944581031799
0.05684328451752663
0.07395906001329422
0.1658511757850647
0.9586743712425232
0.9413697719573975
0.7426050305366516
0.36694976687431335
0.7426050305366516
0.06267391890287399
0.17709694802761078
0.11794547736644745
0.7426050305366516
0.21752838790416718
0.5717294812202454
0.21752838790416718
0.10954997688531876
0.6876915097236633
0.7426050305366516
0.9975385665893555
0.05471358448266983
0.04231356829404831
0.26195937395095825
0.04231356829404831
0.3168828785419464
0.04231356829404831
0.04346403107047081
0.029170699417591095
0.05468115955591202
0.051224518567323685
0.024778278544545174
0.09935404360294342
0.024778278544545174
0.09935404360294342
0.024778278544545174
0.15160633623600006
0.038325801491737366
0.15160633623600006
0.1882966309785843
0.15160633623600006
0.02821016125380993
0.2879134714603424
0.05394740775227547
0.11427182704210281
0.07180926203727722
0.10009550303220749
0.08698135614395142
0.10009550303220749
0.178600013256073
0.23310163617134094
0.12947238981723785
0.03813144192099571
0.05702300742268562
0.13668090105056763
0.02667817287147045
0.193037748336792
0.038209155201911926
0.08953855186700821
0.28431689739227295
0.17939454317092896
0.14806026220321655
0.17939454317092896
0.05114845186471939
0.06740636378526688
0.03627895191311836
0.06740636378526688
0.12977217137813568
0.059881482273340225
0.34499886631965637
0.17937664687633514
0.881768524646759
0.03237070515751839
0.024778278544545174
0.03237070515751839
0.022519126534461975
0.03237070515751839
0.3199191689491272
0.03237070515751839
0.9806532859802246
0.8941689133644104
0.07757263630628586
0.9781257510185242
0.8941689133644104
0.03914019092917442
0.11316125094890594
0.04516075924038887
0.11936967074871063
0.03710117191076279
0.37937647104263306
0.7959465384483337
0.08527664840221405
0.7959465384483337
0.11238713562488556
0.05958060547709465
0.11238713562488556
0.04345942661166191
0.03237070515751839
0.05958060547709465
0.03237070515751839
0.12846805155277252
0.03237070515751839
0.12846805155277252
0.03237070515751839
0.09932558238506317
0.17650140821933746
0.2339911311864853
0.24568943679332733
0.19305889308452606
0.7321450114250183
0.39382052421569824
0.9644713401794434
0.47454896569252014
0.052906423807144165
0.1777275800704956
0.026613514870405197
0.21779277920722961
0.026613514870405197
0.21899616718292236
0.11640852689743042
0.21899616718292236
0.11640852689743042
0.21899616718292236
0.022519126534461975
0.059993941336870193
0.1484302282333374
0.059993941336870193
0.1484302282333374
0.03237070515751839
0.687877357006073
0.1484302282333374
0.03237070515751839
0.687877357006073
0.6957491040229797
0.1805907040834427
0.09436266124248505
0.4337882399559021
0.06361304968595505
0.09965997189283371
0.304860383272171
0.054637230932712555
0.04892808943986893
0.054637230932712555
0.3453919589519501
0.0423869825899601
0.14804904162883759
0.054637230932712555
0.11276227980852127
0.054637230932712555
0.06782279908657074
0.08746170252561569
0.03243786469101906
0.10774865746498108
0.4675734341144562
0.09704262018203735
0.022519126534461975
0.066036656498909
0.07148409634828568
0.09704262018203735
0.30842751264572144
0.022519126534461975
0.066036656498909
0.3511507213115692
0.04294569045305252
0.3511507213115692
0.04294569045305252
0.022117311134934425
0.042690709233284
0.25327590107917786
0.022117311134934425
0.042690709233284
0.21556097269058228
0.041350238025188446
0.16271083056926727
0.03961273655295372
0.16271083056926727
0.05181114748120308
0.16271083056926727
0.05602070316672325
0.16271083056926727
0.05602070316672325
0.16271083056926727
0.12229450792074203
0.16271083056926727
0.031471770256757736
0.16271083056926727
0.035202547907829285
0.12002299726009369
0.035202547907829285
0.12002299726009369
0.024778278544545174
0.776399552822113
0.024778278544545174
0.03237070515751839
0.024778278544545174
0.776399552822113
0.024778278544545174
0.776399552822113
0.07757263630628586
0.7683768272399902
0.4750535786151886
0.43602511286735535
0.9930110573768616
0.1095716580748558
0.7736188769340515
0.024778278544545174
0.7205867767333984
0.024778278544545174
0.12278871983289719
0.024778278544545174
0.7205867767333984
0.024778278544545174
0.12278871983289719
0.024778278544545174
0.03237070515751839
0.1529535949230194
0.7543740272521973
0.14281362295150757
0.7543740272521973
0.14281362295150757
0.7543740272521973
0.9504464268684387
0.0778585895895958
0.9504464268684387
0.6059526801109314
0.1844329833984375
0.14476832747459412
0.7543740272521973
0.9504464268684387
0.03917936608195305
0.1595245748758316
0.105044424533844
0.17996615171432495
0.105044424533844
0.0698254406452179
0.105044424533844
0.1308279037475586
0.105044424533844
0.06970257312059402
0.105044424533844
0.17996615171432495
0.105044424533844
0.0698254406452179
0.105044424533844
0.2573280930519104
0.105044424533844
0.06294667720794678
0.105044424533844
0.18448087573051453
0.025865452364087105
0.046603407710790634
0.07064110785722733
0.11759406328201294
0.06992965191602707
0.05886149778962135
0.08384472131729126
0.03237070515751839
0.8258577585220337
0.11759406328201294
0.4675734341144562
0.11759406328201294
0.08595587313175201
0.03771102428436279
0.022519126534461975
0.03701857104897499
0.022519126534461975
0.03701857104897499
0.022519126534461975
0.7409014105796814
0.07505267858505249
0.05817612260580063
0.022519126534461975
0.3062514066696167
0.022519126534461975
0.3062514066696167
0.07902304828166962
0.3748539388179779
0.07244328409433365
0.3748539388179779
0.059746816754341125
0.3748539388179779
0.3830314874649048
0.21319717168807983
0.3790437579154968
0.07858426123857498
0.08064630627632141
0.9791121482849121
0.16849958896636963
0.15738046169281006
0.6531592011451721
0.15738046169281006
0.16849958896636963
0.9791121482849121
0.21708321571350098
0.16849958896636963
0.15738046169281006
0.21708321571350098
0.49136805534362793
0.9791121482849121
0.21708321571350098
0.49136805534362793
0.15738046169281006
0.21708321571350098
0.05670037493109703
0.3737400472164154
0.05670037493109703
0.03890663757920265
0.05670037493109703
0.6698862314224243
0.05670037493109703
0.03890663757920265
0.05670037493109703
0.6698862314224243
0.05670037493109703
0.03890663757920265
0.6276364922523499
0.6698862314224243
0.0834687128663063
0.25795018672943115
0.0834687128663063
0.053217995911836624
0.044406719505786896
0.03779246285557747
0.6314097046852112
0.03701857104897499
0.0834687128663063
0.25795018672943115
0.044406719505786896
0.25795018672943115
0.6314097046852112
0.030700376257300377
0.024778278544545174
0.7795209884643555
0.09949634969234467
0.022519126534461975
0.5356047749519348
0.0895269513130188
0.35292696952819824
0.6418348550796509
0.05736258625984192
0.10821415483951569
0.029680298641324043
0.07457111775875092
0.9979639053344727
0.07457111775875092
0.9979639053344727
0.07457111775875092
0.9855301380157471
0.07457111775875092
0.9975003600120544
0.024778278544545174
0.9979639053344727
0.024778278544545174
0.9979639053344727
0.022519126534461975
0.9979639053344727
0.022519126534461975
0.9979639053344727
0.022519126534461975
0.9894512295722961
0.022519126534461975
0.0448242723941803
0.024778278544545174
0.07831769436597824
0.024778278544545174
0.07831769436597824
0.024778278544545174
0.03237070515751839
0.10006352514028549
0.06572092324495316
0.10006352514028549
0.06572092324495316
0.02948114275932312
0.06572092324495316
0.03375273570418358
0.06572092324495316
0.06618190556764603
0.06572092324495316
0.029538236558437347
0.06572092324495316
0.32953792810440063
0.08386498689651489
0.3764820694923401
0.41032689809799194
0.0362558551132679
0.10255318880081177
0.04359537363052368
0.10255318880081177
0.14259439706802368
0.03822680935263634
0.022519126534461975
0.03822680935263634
0.022519126534461975
0.03822680935263634
0.022519126534461975
0.05190739035606384
0.03774421662092209
0.10255318880081177
0.14242586493492126
0.06384041905403137
0.2257448434829712
0.06384041905403137
0.03701857104897499
0.06384041905403137
0.29548415541648865
0.06384041905403137
0.5169553160667419
0.040261488407850266
0.2257448434829712
0.040261488407850266
0.03701857104897499
0.040261488407850266
0.29548415541648865
0.040261488407850266
0.5169553160667419
0.3972242772579193
0.3270314931869507
0.01980726793408394
0.40205118060112
0.0637182965874672
0.3270314931869507
0.3972242772579193
0.14055609703063965
0.029955828562378883
0.14055609703063965
0.01980726793408394
0.14055609703063965
0.0637182965874672
0.14055609703063965
0.8552161455154419
0.04963589832186699
0.11359751969575882
0.04963589832186699
0.024778278544545174
0.23911593854427338
0.024778278544545174
0.16401182115077972
0.024778278544545174
0.16401182115077972
0.024778278544545174
0.3282184302806854
0.06796105951070786
0.04269981011748314
0.14440886676311493
0.06466426700353622
0.8209937810897827
0.6334582567214966
0.999922513961792
0.9999327659606934
0.9975716471672058
0.0380525216460228
0.9981757402420044
0.0380525216460228
0.032859403640031815
0.07360855489969254
0.024778278544545174
0.0918957069516182
0.024778278544545174
0.07639291137456894
0.06031673401594162
0.07103683799505234
0.024778278544545174
0.07639291137456894
0.062104884535074234
0.059199124574661255
0.26684805750846863
0.8257694840431213
0.0343669056892395
0.2364865094423294
0.09760425984859467
0.2364865094423294
0.0343669056892395
0.8696421384811401
0.09760425984859467
0.07866109907627106
0.028584402054548264
0.13136309385299683
0.07270324230194092
0.03237070515751839
0.11891540884971619
0.04162227362394333
0.5633695721626282
0.024778278544545174
0.1203722432255745
0.052874427288770676
0.41049426794052124
0.3977676033973694
0.03237070515751839
0.05546584352850914
0.03237070515751839
0.12144114077091217
0.03237070515751839
0.38025957345962524
0.07341557741165161
0.07827786356210709
0.07891739159822464
0.12199720740318298
0.9999266862869263
0.20033977925777435
0.9999266862869263
0.42790210247039795
0.9999656677246094
0.2785463333129883
0.9999266862869263
0.11548435688018799
0.9999266862869263
0.3066312372684479
0.05423073470592499
0.3066312372684479
0.10196921974420547
0.039747726172208786
0.039171427488327026
0.4564167857170105
0.0370800755918026
0.023699939250946045
0.1206192672252655
0.15962177515029907
0.024139948189258575
0.8186038136482239
0.09748566895723343
0.04503123462200165
0.06322590261697769
0.3706207573413849
0.04952666163444519
0.3706207573413849
0.03737504035234451
0.09518945217132568
0.37835097312927246
0.06078856438398361
0.11133158951997757
0.06695849448442459
0.44801849126815796
0.07704199105501175
0.19615764915943146
0.07704199105501175
0.7885475158691406
0.8528763651847839
0.7885475158691406
0.8528763651847839
0.2098298966884613
0.8528763651847839
0.44832974672317505
0.8552161455154419
0.7830460071563721
0.8274951577186584
0.2098298966884613
0.8274951577186584
0.6912855505943298
0.024778278544545174
0.7080185413360596
0.21237188577651978
0.8603121042251587
0.21115124225616455
0.7918587327003479
0.04130471870303154
0.08918605744838715
0.04130471870303154
0.08918605744838715
0.04130471870303154
0.054913729429244995
0.04130471870303154
0.053573597222566605
0.04130471870303154
0.23513923585414886
0.04130471870303154
0.025333330035209656
0.04130471870303154
0.053573597222566605
0.5288945436477661
0.054913729429244995
0.5288945436477661
0.053573597222566605
0.5288945436477661
0.23513923585414886
0.5288945436477661
0.025333330035209656
0.03783978521823883
0.3116549551486969
0.05872957408428192
0.3116549551486969
0.02929370105266571
0.3116549551486969
0.035202547907829285
0.3116549551486969
0.024245016276836395
0.05940050631761551
0.022519126534461975
0.06704703718423843
0.022519126534461975
0.06704703718423843
0.022519126534461975
0.06704703718423843
0.022519126534461975
0.06704703718423843
0.022519126534461975
0.06086839735507965
0.06361304968595505
0.03761334717273712
0.024318896234035492
0.03761334717273712
0.024778278544545174
0.03237070515751839
0.11693761497735977
0.024778278544545174
0.03237070515751839
0.11693761497735977
0.20428983867168427
0.03152316063642502
0.08050995320081711
0.03152316063642502
0.07012750953435898
0.03152316063642502
0.06975868344306946
0.03152316063642502
0.9977578520774841
0.08010287582874298
0.024778278544545174
0.03237070515751839
0.992904007434845
0.08010287582874298
0.9977578520774841
0.03237070515751839
0.10573422908782959
0.08010287582874298
0.05958341062068939
0.042555905878543854
0.03848186507821083
0.042555905878543854
0.03848186507821083
0.042555905878543854
0.03848186507821083
0.042555905878543854
0.03848186507821083
0.3677281141281128
0.8475465178489685
0.1577475219964981
0.8475465178489685
0.09949731826782227
0.8475465178489685
0.27116137742996216
0.8475465178489685
0.6793251633644104
0.8475465178489685
0.7026262283325195
0.8475465178489685
0.8832747936248779
0.8475465178489685
0.024778278544545174
0.0918957069516182
0.13828492164611816
0.024778278544545174
0.20428645610809326
0.13828492164611816
0.04318959638476372
0.20428645610809326
0.29200002551078796
0.3723800778388977
0.13828492164611816
0.29200002551078796
0.03237070515751839
0.5856320261955261
0.2871989607810974
0.5856320261955261
0.15571561455726624
0.49093401432037354
0.1451064646244049
0.49093401432037354
0.5931308269500732
0.022519126534461975
0.4425003230571747
0.07933376729488373
0.1267528384923935
0.07933376729488373
0.4508224427700043
0.07933376729488373
0.4676114022731781
0.983651876449585
0.07900600880384445
0.983651876449585
0.3414143919944763
0.022519126534461975
0.4508224427700043
0.5054025053977966
0.07900600880384445
0.5054025053977966
0.48260849714279175
0.022519126534461975
0.10467317700386047
0.0545373372733593
0.030399421229958534
0.025770338252186775
0.03185195475816727
0.21865978837013245
0.03701857104897499
0.0968005433678627
0.03701857104897499
0.10331419110298157
0.03701857104897499
0.022519126534461975
0.40591269731521606
0.022519126534461975
0.05854957923293114
0.022519126534461975
0.40591269731521606
0.022519126534461975
0.05854957923293114
0.03644303232431412
0.40591269731521606
0.03644303232431412
0.05854957923293114
0.23921608924865723
0.03237070515751839
0.047268033027648926
0.03237070515751839
0.047268033027648926
0.24083860218524933
0.23921608924865723
0.0915784239768982
0.23921608924865723
0.0915784239768982
0.23921608924865723
0.0915784239768982
0.047268033027648926
0.0915784239768982
0.047268033027648926
0.0915784239768982
0.047268033027648926
0.0915784239768982
0.44706395268440247
0.04927408695220947
0.15591588616371155
0.09790879487991333
0.0588744655251503
0.05206214636564255
0.0588744655251503
0.038748279213905334
0.027402572333812714
0.33779680728912354
0.24024827778339386
0.08336860686540604
0.027531776577234268
0.08675051480531693
0.024778278544545174
0.9837996959686279
0.024778278544545174
0.9002766609191895
0.024778278544545174
0.9837996959686279
0.024778278544545174
0.9002766609191895
0.024778278544545174
0.9837996959686279
0.024778278544545174
0.9002766609191895
0.875251829624176
0.03237070515751839
0.890994131565094
0.03237070515751839
0.09027820825576782
0.07951588928699493
0.09907262772321701
0.03919477015733719
0.04963758960366249
0.07951588928699493
0.056835610419511795
0.07951588928699493
0.971318781375885
0.03701857104897499
0.971318781375885
0.09518038481473923
0.979477047920227
0.03185078129172325
0.10528131574392319
0.971318781375885
0.02926037646830082
0.979477047920227
0.03701857104897499
0.07757263630628586
0.024778278544545174
0.11025488376617432
0.024778278544545174
0.060118041932582855
0.04826533421874046
0.022099653258919716
0.03701857104897499
0.9112510085105896
0.0423283576965332
0.6158545017242432
0.022519126534461975
0.09424441307783127
0.030697427690029144
0.09363914281129837
0.945622444152832
0.4470113217830658
0.945622444152832
0.4106789827346802
0.8994221091270447
0.37793731689453125
0.8994221091270447
0.3570263683795929
0.8994221091270447
0.18261724710464478
0.8994221091270447
0.17676277458667755
0.8994221091270447
0.27558043599128723
0.8994221091270447
0.2575702667236328
0.07419430464506149
0.9585826992988586
0.2466600388288498
0.9140652418136597
0.1866750419139862
0.060903582721948624
0.22609984874725342
0.7960551381111145
0.1788579225540161
0.48633259534835815
0.06646690517663956
0.48633259534835815
0.07192521542310715
0.48633259534835815
0.06139715760946274
0.48633259534835815
0.06646690517663956
0.37159964442253113
0.09353843331336975
0.37159964442253113
0.06594951450824738
0.09353843331336975
0.37159964442253113
0.06594951450824738
0.4897688031196594
0.36804601550102234
0.483248770236969
0.37159964442253113
0.9985376596450806
0.9312292337417603
0.9985376596450806
0.9013479948043823
0.9985376596450806
0.8700064420700073
0.9985376596450806
0.9881997108459473
0.4146977961063385
0.999970555305481
0.9069601893424988
0.9977705478668213
0.9178624153137207
0.999970555305481
0.20054900646209717
0.9995571970939636
0.17860159277915955
0.9183981418609619
0.11259233206510544
0.3272327184677124
0.09963404387235641
0.022519126534461975
0.11259233206510544
0.15899281203746796
0.9997259974479675
0.15899281203746796
0.08050602674484253
0.15899281203746796
0.055180873721838
0.15899281203746796
0.08050602674484253
0.03872360289096832
0.22492995858192444
0.03872360289096832
0.061225078999996185
0.03872360289096832
0.22492995858192444
0.30398595333099365
0.03237070515751839
0.1305626481771469
0.52393639087677
0.1305626481771469
0.5943101048469543
0.25990307331085205
0.52393639087677
0.25990307331085205
0.52393639087677
0.022519126534461975
0.6831714510917664
0.060178495943546295
0.045856378972530365
0.016232024878263474
0.07410778105258942
0.021753685548901558
0.13040313124656677
0.03737012296915054
0.13040313124656677
0.022519126534461975
0.13040313124656677
0.11460760235786438
0.13040313124656677
0.021753685548901558
0.13040313124656677
0.024778278544545174
0.13040313124656677
0.21305808424949646
0.02881115861237049
0.08319707214832306
0.06268393993377686
0.024778278544545174
0.11243497580289841
0.08006015419960022
0.11243497580289841
0.037726618349552155
0.05352061986923218
0.3938676714897156
0.11243497580289841
0.9144086241722107
0.04502968117594719
0.41126781702041626
0.022519126534461975
0.04502968117594719
0.41126781702041626
0.04389616847038269
0.04502968117594719
0.41126781702041626
0.21115124225616455
0.04502968117594719
0.41126781702041626
0.033805735409259796
0.03175622597336769
0.033805735409259796
0.1505281776189804
0.27399829030036926
0.28247711062431335
0.27399829030036926
0.18742412328720093
0.029964635148644447
0.06439719349145889
0.029964635148644447
0.03701857104897499
0.029964635148644447
0.20612825453281403
0.029964635148644447
0.32193660736083984
0.9758706092834473
0.4705462157726288
0.9758706092834473
0.4705462157726288
0.9758706092834473
0.3198963701725006
0.25400060415267944
0.4705462157726288
0.2959725558757782
0.3198963701725006
0.4416990578174591
0.6193308234214783
0.24301670491695404
0.5517474412918091
0.17453278601169586
0.5517474412918091
0.07639762759208679
0.1115637868642807
0.0246051624417305
0.03340020403265953
0.07639762759208679
0.15091794729232788
0.07639762759208679
0.10274217277765274
0.0246051624417305
0.1798531413078308
0.07639762759208679
0.1061948910355568
0.0246051624417305
0.03237070515751839
0.024778278544545174
0.9874574542045593
0.9185041785240173
0.17711687088012695
0.9862041473388672
0.17711687088012695
0.09696444869041443
0.08010287582874298
0.02483544498682022
0.4680648744106293
0.0668422281742096
0.9113374352455139
0.020430106669664383
0.0496092289686203
0.020430106669664383
0.08405712246894836
0.020430106669664383
0.06750689446926117
0.1952773630619049
0.5413521528244019
0.3046448826789856
0.5413521528244019
0.14815451204776764
0.5413521528244019
0.1952773630619049
0.06920704990625381
0.3046448826789856
0.06920704990625381
0.14815451204776764
0.06920704990625381
0.08716848492622375
0.7591851949691772
0.08716848492622375
0.06771013885736465
0.8353108167648315
0.20841892063617706
0.8379387259483337
0.07981447130441666
0.4968346655368805
0.06289850175380707
0.1647786945104599
0.48545461893081665
0.15394359827041626
0.1647786945104599
0.2506428062915802
0.01999833434820175
0.11236543208360672
0.03862087428569794
0.09263624250888824
0.05487176403403282
0.050417184829711914
0.05487176403403282
0.050417184829711914
0.04238521307706833
0.050417184829711914
0.04238521307706833
0.050417184829711914
0.04204581305384636
0.11330811679363251
0.04204581305384636
0.11330811679363251
0.04476641118526459
0.0520472414791584
0.048438217490911484
0.08820261806249619
0.048438217490911484
0.2186056673526764
0.048438217490911484
0.08820261806249619
0.048438217490911484
0.2186056673526764
0.05836379528045654
0.5843836069107056
0.03818665072321892
0.5843836069107056
0.3880331218242645
0.5543390512466431
0.0583031065762043
0.2452370822429657
0.051718465983867645
0.2452370822429657
0.049841463565826416
0.2452370822429657
0.9950976967811584
0.5985519886016846
0.9950976967811584
0.5985519886016846
0.9950976967811584
0.5985519886016846
0.6297459006309509
0.31101733446121216
0.49644365906715393
0.13049066066741943
0.6910640597343445
0.3976961374282837
0.7478418350219727
0.13049066066741943
0.8805950880050659
0.24224337935447693
0.8805950880050659
0.11362817138433456
0.8805950880050659
0.13049066066741943
0.051344603300094604
0.12682045996189117
0.051344603300094604
0.0483199767768383
0.10827828198671341
0.027524089440703392
0.051344603300094604
0.07257206737995148
0.11337976902723312
0.35518959164619446
0.07929633557796478
0.25851839780807495
0.08056924492120743
0.25851839780807495
0.022519126534461975
0.08010287582874298
0.022519126534461975
0.2640230059623718
0.022519126534461975
0.043674856424331665
0.022519126534461975
0.1798531413078308
0.022519126534461975
0.03701857104897499
0.022519126534461975
0.08010287582874298
0.022519126534461975
0.664171576499939
0.022519126534461975
0.03237070515751839
0.022519126534461975
0.30506765842437744
0.20285551249980927
0.0782194659113884
0.20285551249980927
0.05610349029302597
0.20285551249980927
0.2669110596179962
0.02466263249516487
0.0782194659113884
0.02466263249516487
0.05610349029302597
0.02466263249516487
0.0971282497048378
0.027264900505542755
0.05610349029302597
0.027264900505542755
0.8519526124000549
0.027264900505542755
0.10004732757806778
0.02466263249516487
0.10004732757806778
0.02466263249516487
0.0966985821723938
0.20285551249980927
0.05610349029302597
0.02466263249516487
0.0782194659113884
0.02466263249516487
0.05610349029302597
0.027264900505542755
0.10004732757806778
0.027264900505542755
0.05610349029302597
0.20285551249980927
0.2669110596179962
0.02466263249516487
0.0971282497048378
0.027264900505542755
0.6908625364303589
0.02466263249516487
0.05098795145750046
0.13250428438186646
0.02466263249516487
0.11907844990491867
0.9998111128807068
0.3279956579208374
0.3201615810394287
0.06315002590417862
0.021753685548901558
0.3279956579208374
0.04612081125378609
0.9321644902229309
0.07236560434103012
0.06315002590417862
0.031129632145166397
0.12731823325157166
0.1692318320274353
0.12731823325157166
0.23697221279144287
0.12731823325157166
0.07341615110635757
0.12731823325157166
0.07341615110635757
0.37410348653793335
0.23697221279144287
0.05404454842209816
0.03580796346068382
0.040674854069948196
0.03580796346068382
0.07835958898067474
0.024778278544545174
0.3116549551486969
0.024778278544545174
0.3116549551486969
0.024778278544545174
0.46570008993148804
0.13055095076560974
0.0918957069516182
0.024778278544545174
0.0918957069516182
0.03898318111896515
0.0918957069516182
0.027110954746603966
0.0918957069516182
0.024778278544545174
0.09935404360294342
0.024778278544545174
0.09935404360294342
0.024778278544545174
0.09935404360294342
0.028136765584349632
0.09935404360294342
0.04384666308760643
0.9739623069763184
0.1934611052274704
0.9564288854598999
0.12448769062757492
0.01980726793408394
0.930973470211029
0.01980726793408394
0.8406895399093628
0.7690871953964233
0.08665638417005539
0.9976153373718262
0.03237070515751839
0.5509006977081299
0.1830955147743225
0.02212938666343689
0.1830955147743225
0.04666654020547867
0.032873887568712234
0.45703521370887756
0.23600192368030548
0.06532797962427139
0.15415886044502258
0.08217187225818634
0.3235667645931244
0.08217187225818634
0.15842564404010773
0.08217187225818634
0.1384146362543106
0.02516854554414749
0.32739073038101196
0.024778278544545174
0.22971108555793762
0.022519126534461975
0.22971108555793762
0.17063002288341522
0.22971108555793762
0.07741153240203857
0.04553108662366867
0.07138676941394806
0.9288807511329651
0.07138676941394806
0.13940003514289856
0.07138676941394806
0.9956796765327454
0.12343193590641022
0.9420142769813538
0.12343193590641022
0.06291182339191437
0.8920156359672546
0.12965704500675201
0.062040798366069794
0.7256240844726562
0.4948631823062897
0.13445451855659485
0.06287634372711182
0.13523536920547485
0.6402409076690674
0.06287634372711182
0.13523536920547485
0.6402409076690674
0.049030233174562454
0.13523536920547485
0.08754289895296097
0.13523536920547485
0.08216239511966705
0.13523536920547485
0.08366617560386658
0.13523536920547485
0.05712130293250084
0.21871604025363922
0.07377118617296219
0.1491217166185379
0.1139000803232193
0.7804163098335266
0.04870373383164406
0.4347621202468872
0.08870501816272736
0.8304811716079712
0.13577431440353394
0.3101189434528351
0.14968642592430115
0.14867666363716125
0.3475309908390045
0.10808809101581573
0.20435290038585663
0.03613174334168434
0.5368748903274536
0.03613174334168434
0.2986246943473816
0.03613174334168434
0.2408199906349182
0.03613174334168434
0.31842750310897827
0.0743648111820221
0.26257580518722534
0.20927852392196655
0.038651492446660995
0.970388650894165
0.022519126534461975
0.0801171064376831
0.022519126534461975
0.0801171064376831
0.021753685548901558
0.0801171064376831
0.14330415427684784
0.19290535151958466
0.1970846801996231
0.5588280558586121
0.1126703992486
0.12713727355003357
0.13055095076560974
0.4903988540172577
0.8874673247337341
0.13997510075569153
0.024778278544545174
0.3116549551486969
0.024778278544545174
0.03779246285557747
0.3734888434410095
0.3116549551486969
0.07927052676677704
0.3116549551486969
0.3282140791416168
0.3116549551486969
0.03898318111896515
0.10986796021461487
0.46040624380111694
0.3116549551486969
0.024778278544545174
0.10986796021461487
0.024778278544545174
0.3116549551486969
0.2844606935977936
0.5719247460365295
0.9999476671218872
0.2162625938653946
0.9998661279678345
0.30496442317962646
0.9998661279678345
0.9998877048492432
0.1798531413078308
0.9998877048492432
0.1798531413078308
0.039511147886514664
0.5760693550109863
0.039511147886514664
0.16279400885105133
0.21856722235679626
0.5760693550109863
0.21856722235679626
0.16279400885105133
0.18664558231830597
0.5834571123123169
0.13422846794128418
0.5834571123123169
0.18664558231830597
0.975052535533905
0.13422846794128418
0.975052535533905
0.5080611705780029
0.975052535533905
0.024778278544545174
0.03237070515751839
0.6740763783454895
0.024778278544545174
0.03237070515751839
0.6740763783454895
0.024778278544545174
0.03237070515751839
0.6740763783454895
0.039198920130729675
0.04536639526486397
0.12250419706106186
0.07764449715614319
0.05630146339535713
0.07764449715614319
0.03132370859384537
0.09194467216730118
0.05162152275443077
0.07764449715614319
0.04104667156934738
0.07764449715614319
0.032274313271045685
0.04904322698712349
0.21963384747505188
0.0344654805958271
0.022519126534461975
0.1404184103012085
0.022519126534461975
0.08390280604362488
0.022519126534461975
0.07593591511249542
0.022519126534461975
0.030165472999215126
0.09885162115097046
0.21521775424480438
0.7952865958213806
0.16515332460403442
0.7952865958213806
0.02035173960030079
0.7952865958213806
0.08768080174922943
0.7952865958213806
0.024318896234035492
0.08686818927526474
0.09748566895723343
0.1836405247449875
0.4765337109565735
0.1070343554019928
0.05958341062068939
0.024318896234035492
0.08686818927526474
0.022519126534461975
0.1070343554019928
0.041126035153865814
0.13644187152385712
0.07452569156885147
0.09133148193359375
0.036037735641002655
0.05835350230336189
0.6811991333961487
0.23194514214992523
0.11760863661766052
0.13734906911849976
0.06899964064359665
0.13734906911849976
0.5855061411857605
0.13734906911849976
0.21658886969089508
0.17847798764705658
0.36287376284599304
0.1373489797115326
0.024778267368674278
0.16104605793952942
0.024778267368674278
0.06591393053531647
0.024778267368674278
0.1817319691181183
0.052133847028017044
0.1817319691181183
0.024778267368674278
0.1817319691181183
0.9943311214447021
0.05419076979160309
0.17433950304985046
0.885603666305542
0.053037628531455994
0.885603666305542
0.13055095076560974
0.563369631767273
0.033425670117139816
0.563369631767273
0.8321155905723572
0.05835351347923279
0.9838416576385498
0.032370712608098984
0.9937623143196106
0.032370712608098984
0.08284098654985428
0.032370712608098984
0.15315818786621094
0.032370712608098984
0.15315818786621094
0.032370712608098984
0.15315818786621094
0.032370712608098984
0.19971923530101776
0.026025377213954926
0.19971923530101776
0.026025377213954926
0.22904357314109802
0.3168661594390869
0.05464792251586914
0.024778267368674278
0.15361402928829193
0.024778267368674278
0.15361402928829193
0.9241445660591125
0.08736263960599899
0.08176050335168839
0.9172777533531189
0.08736263960599899
0.08375188708305359
0.03473607823252678
0.08010285347700119
0.02251913584768772
0.1949882060289383
0.02251913584768772
0.1949882060289383
0.07180526107549667
0.1949882060289383
0.06502655148506165
0.6917446851730347
0.06502655148506165
0.6917446851730347
0.16508713364601135
0.18249067664146423
0.9932286143302917
0.9932147264480591
0.1488145887851715
0.32557234168052673
0.20360197126865387
0.31566861271858215
0.3799850642681122
0.7772806882858276
0.29360008239746094
0.1674119532108307
0.032801300287246704
0.03706155717372894
0.04750577732920647
0.33374980092048645
0.03987891972064972
0.040006447583436966
0.03987891972064972
0.5548422336578369
0.8118681907653809
0.040006447583436966
0.0806463211774826
0.04243623465299606
0.34550678730010986
0.11223049461841583
0.2065994143486023
0.3168661594390869
0.03864097222685814
0.9294226169586182
0.03864097222685814
0.6007155179977417
0.03864097222685814
0.08565617352724075
0.17144377529621124
0.3168661594390869
0.14635774493217468
0.9294226169586182
0.14635774493217468
0.6007155179977417
0.14635774493217468
0.08565617352724075
0.27231094241142273
0.3168661594390869
0.27231094241142273
0.9294226169586182
0.27231094241142273
0.6007155179977417
0.27231094241142273
0.08565617352724075
0.9985376596450806
0.144853413105011
0.9985376596450806
0.144853413105011
0.8753266334533691
0.144853413105011
0.09123066812753677
0.5464009642601013
0.054028887301683426
0.5464009642601013
0.057499680668115616
0.7161893844604492
0.09123066812753677
0.2551564574241638
0.054028887301683426
0.2551564574241638
0.057499680668115616
0.047722481191158295
0.9313632249832153
0.6462500095367432
0.129847913980484
0.9999569654464722
0.4584302604198456
0.9390227794647217
0.9998983144760132
0.9996829032897949
0.9998934268951416
0.999794065952301
0.024778267368674278
0.09289955347776413
0.24665997922420502
0.041735969483852386
0.5529963374137878
0.04503125324845314
0.5529963374137878
0.04503125324845314
0.8576627373695374
0.03701857104897499
0.11337986588478088
0.0877675861120224
0.11337986588478088
0.03701857104897499
0.3113708794116974
0.8576627373695374
0.5407209992408752
0.11917472630739212
0.11071991920471191
0.39527052640914917
0.11071991920471191
0.05543988570570946
0.16584503650665283
0.8550897836685181
0.07654789835214615
0.08292876183986664
0.07654789835214615
0.024778267368674278
0.7303571701049805
0.024778267368674278
0.05374927073717117
0.18241667747497559
0.07683795690536499
0.18241667747497559
0.06417256593704224
0.04952957108616829
0.8960362672805786
0.033425670117139816
0.8671138882637024
0.14077581465244293
0.031790100038051605
0.03701857104897499
0.42067980766296387
0.03701857104897499
0.14946231245994568
0.3218788802623749
0.9916276931762695
0.991177499294281
0.5459044575691223
0.3218788802623749
0.9916276931762695
0.3054485619068146
0.991177499294281
0.5459044575691223
0.3054485619068146
0.22344057261943817
0.20434990525245667
0.22344057261943817
0.20434990525245667
0.22344057261943817
0.5085335373878479
0.9423221349716187
0.8385745286941528
0.30983760952949524
0.10532728582620621
0.1243680939078331
0.8385745286941528
0.5685875415802002
0.8385745286941528
0.9320805072784424
0.8385745286941528
0.8690129518508911
0.8385745286941528
0.4842509627342224
0.9497823715209961
0.13219448924064636
0.9497823715209961
0.23556552827358246
0.9497823715209961
0.18166421353816986
0.843140721321106
0.98052978515625
0.2827434539794922
0.0615423247218132
0.06422720104455948
0.0615423247218132
0.06422720104455948
0.14957115054130554
0.8401695489883423
0.16457922756671906
0.156716987490654
0.06391508877277374
0.06422720104455948
0.41399404406547546
0.6975000500679016
0.024778267368674278
0.07407693564891815
0.024778267368674278
0.7569203972816467
0.024778267368674278
0.03613641485571861
0.024778267368674278
0.032370712608098984
0.024778267368674278
0.046010732650756836
0.024778267368674278
0.34671056270599365
0.024778267368674278
0.03613641485571861
0.024778267368674278
0.41749945282936096
0.024778267368674278
0.032370712608098984
0.024778267368674278
0.5058415532112122
0.13381676375865936
0.032370712608098984
0.7809387445449829
0.0740981176495552
0.8211338520050049
0.33597537875175476
0.09229397028684616
0.08429104089736938
0.0417950376868248
0.14974257349967957
0.17095401883125305
0.032370712608098984
0.35618141293525696
0.032370712608098984
0.05137462168931961
0.9998314380645752
0.1390448659658432
0.9998314380645752
0.02251913584768772
0.9998314380645752
0.658085286617279
0.9998314380645752
0.02251913584768772
0.9998314380645752
0.11693762987852097
0.1434890180826187
0.999907374382019
0.11693762987852097
0.1434890180826187
0.999907374382019
0.11369358003139496
0.04575572907924652
0.38536134362220764
0.4417264461517334
0.38536134362220764
0.06582143902778625
0.10743056982755661
0.05622288957238197
0.4440484344959259
0.846272349357605
0.3469395935535431
0.8644780516624451
0.06149749085307121
0.024778267368674278
0.5737283229827881
0.024778267368674278
0.5665655136108398
0.024778267368674278
0.38536134362220764
0.024778267368674278
0.0751974806189537
0.024778267368674278
0.10743056982755661
0.024778267368674278
0.5665655136108398
0.024778267368674278
0.38536134362220764
0.42830178141593933
0.9984878301620483
0.06744945794343948
0.08603968471288681
0.9997232556343079
0.0723479613661766
0.9998877048492432
0.10643003135919571
0.027392076328396797
0.17847798764705658
0.9998877048492432
0.07393348962068558
0.10495679825544357
0.022844571620225906
0.17847798764705658
0.027392076328396797
0.17847798764705658
0.9996614456176758
0.7066884636878967
0.874455988407135
0.11578569561243057
0.7737828493118286
0.11578569561243057
0.1390448659658432
0.1874244660139084
0.024778267368674278
0.1874244660139084
0.04160818085074425
0.1874244660139084
0.024778267368674278
0.1874244660139084
0.1390448659658432
0.024979297071695328
0.024778267368674278
0.024979297071695328
0.04160818085074425
0.024979297071695328
0.024778267368674278
0.05007167533040047
0.024778267368674278
0.12234502285718918
0.024778267368674278
0.05616655945777893
0.024778267368674278
0.5805115699768066
0.24679002165794373
0.20647376775741577
0.24679002165794373
0.056486424058675766
0.24679002165794373
0.6269130110740662
0.24679002165794373
0.2181881219148636
0.024778267368674278
0.2296108454465866
0.8274951577186584
0.3512185513973236
0.8274951577186584
0.24519573152065277
0.8274951577186584
0.6398950219154358
0.09391890466213226
0.27337154746055603
0.07471765577793121
0.1210159957408905
0.6426134705543518
0.5092064738273621
0.22733552753925323
0.5092064738273621
0.6067626476287842
0.858238697052002
0.6067626476287842
0.8734515905380249
0.2120368778705597
0.8345662355422974
0.3455891013145447
0.8345662355422974
0.10115303099155426
0.39241647720336914
0.08598797023296356
0.23340314626693726
0.34901726245880127
0.663163959980011
0.207600936293602
0.6857538819313049
0.05084245279431343
0.8573704957962036
0.0969834104180336
0.08974765986204147
0.0969834104180336
0.08974765986204147
0.6089698672294617
0.7220268249511719
0.72376948595047
0.8616596460342407
0.053395938128232956
0.08974765986204147
0.024778267368674278
0.6462500095367432
0.24679002165794373
0.6462500095367432
0.07180526107549667
0.6462500095367432
0.02251913584768772
0.6462500095367432
0.9834996461868286
0.6462500095367432
0.07180526107549667
0.9999569654464722
0.027358170598745346
0.9999569654464722
0.02424297109246254
0.9999569654464722
0.17433950304985046
0.999794065952301
0.024778267368674278
0.999794065952301
0.6439769268035889
0.9996829032897949
0.5297248363494873
0.9999569654464722
0.9998934268951416
0.999794065952301
0.09766723960638046
0.6978272199630737
0.08092021942138672
0.6461488604545593
0.48001447319984436
0.6978272199630737
0.02251913584768772
0.032370712608098984
0.024007773026823997
0.032370712608098984
0.024007773026823997
0.032370712608098984
0.027566710487008095
0.050142839550971985
0.02864954248070717
0.23232334852218628
0.05777686834335327
0.11274712532758713
0.9997920393943787
0.8285054564476013
0.1303720921278
0.9997920393943787
0.8285054564476013
0.14334307610988617
0.9997920393943787
0.6637973785400391
0.1303720921278
0.9739601612091064
0.42511382699012756
0.03238867223262787
0.036120422184467316
0.09122218191623688
0.08226972073316574
0.12117312848567963
0.08226972073316574
